4.000000e-02 7.071068e-02 3.849002e-02 2.500000e-02 1.788854e-02 1.360828e-02 1.079898e-02 8.838835e-03 7.407407e-03 6.324555e-03 5.482024e-03 4.811252e-03 4.266925e-03 3.818018e-03 3.442652e-03 3.125000e-03 2.853360e-03 2.618914e-03 2.414902e-03 2.236068e-03 2.078266e-03 1.938188e-03 1.813169e-03 1.701035e-03 1.600000e-03 1.508586e-03 1.425556e-03 1.349873e-03 1.280658e-03 1.217161e-03 1.158744e-03 1.104854e-03 1.055016e-03 1.008815e-03 9.658906e-04 9.259259e-04 8.886432e-04 8.537970e-04 8.211700e-04 7.905694e-04
7.071068e-02 4.000000e-02 7.698004e-02 5.000000e-02 3.577709e-02 2.721655e-02 2.159797e-02 1.767767e-02 1.481481e-02 1.264911e-02 1.096405e-02 9.622504e-03 8.533849e-03 7.636035e-03 6.885304e-03 6.250000e-03 5.706721e-03 5.237828e-03 4.829805e-03 4.472136e-03 4.156531e-03 3.876377e-03 3.626338e-03 3.402069e-03 3.200000e-03 3.017171e-03 2.851112e-03 2.699746e-03 2.561315e-03 2.434322e-03 2.317488e-03 2.209709e-03 2.110032e-03 2.017630e-03 1.931781e-03 1.851852e-03 1.777286e-03 1.707594e-03 1.642340e-03 1.581139e-03
3.849002e-02 7.698004e-02 4.000000e-02 7.500000e-02 5.366563e-02 4.082483e-02 3.239695e-02 2.651650e-02 2.222222e-02 1.897367e-02 1.644607e-02 1.443376e-02 1.280077e-02 1.145405e-02 1.032796e-02 9.375000e-03 8.560081e-03 7.856742e-03 7.244707e-03 6.708204e-03 6.234797e-03 5.814565e-03 5.439506e-03 5.103104e-03 4.800000e-03 4.525757e-03 4.276669e-03 4.049619e-03 3.841973e-03 3.651484e-03 3.476232e-03 3.314563e-03 3.165048e-03 3.026446e-03 2.897672e-03 2.777778e-03 2.665930e-03 2.561391e-03 2.463510e-03 2.371708e-03
2.500000e-02 5.000000e-02 7.500000e-02 4.000000e-02 7.155418e-02 5.443311e-02 4.319594e-02 3.535534e-02 2.962963e-02 2.529822e-02 2.192810e-02 1.924501e-02 1.706770e-02 1.527207e-02 1.377061e-02 1.250000e-02 1.141344e-02 1.047566e-02 9.659610e-03 8.944272e-03 8.313062e-03 7.752753e-03 7.252675e-03 6.804138e-03 6.400000e-03 6.034343e-03 5.702225e-03 5.399492e-03 5.122630e-03 4.868645e-03 4.634976e-03 4.419417e-03 4.220064e-03 4.035261e-03 3.863562e-03 3.703704e-03 3.554573e-03 3.415188e-03 3.284680e-03 3.162278e-03
1.788854e-02 3.577709e-02 5.366563e-02 7.155418e-02 4.000000e-02 6.804138e-02 5.399492e-02 4.419417e-02 3.703704e-02 3.162278e-02 2.741012e-02 2.405626e-02 2.133462e-02 1.909009e-02 1.721326e-02 1.562500e-02 1.426680e-02 1.309457e-02 1.207451e-02 1.118034e-02 1.039133e-02 9.690942e-03 9.065844e-03 8.505173e-03 8.000000e-03 7.542928e-03 7.127781e-03 6.749366e-03 6.403288e-03 6.085806e-03 5.793719e-03 5.524272e-03 5.275080e-03 5.044076e-03 4.829453e-03 4.629630e-03 4.443216e-03 4.268985e-03 4.105850e-03 3.952847e-03
1.360828e-02 2.721655e-02 4.082483e-02 5.443311e-02 6.804138e-02 4.000000e-02 6.479391e-02 5.303301e-02 4.444444e-02 3.794733e-02 3.289215e-02 2.886751e-02 2.560155e-02 2.290811e-02 2.065591e-02 1.875000e-02 1.712016e-02 1.571348e-02 1.448941e-02 1.341641e-02 1.246959e-02 1.162913e-02 1.087901e-02 1.020621e-02 9.600000e-03 9.051514e-03 8.553337e-03 8.099239e-03 7.683945e-03 7.302967e-03 6.952463e-03 6.629126e-03 6.330097e-03 6.052891e-03 5.795343e-03 5.555556e-03 5.331859e-03 5.122782e-03 4.927020e-03 4.743416e-03
1.079898e-02 2.159797e-02 3.239695e-02 4.319594e-02 5.399492e-02 6.479391e-02 4.000000e-02 6.187184e-02 5.185185e-02 4.427189e-02 3.837417e-02 3.367877e-02 2.986847e-02 2.672612e-02 2.409856e-02 2.187500e-02 1.997352e-02 1.833240e-02 1.690432e-02 1.565248e-02 1.454786e-02 1.356732e-02 1.269218e-02 1.190724e-02 1.120000e-02 1.056010e-02 9.978894e-03 9.449112e-03 8.964603e-03 8.520129e-03 8.111207e-03 7.733980e-03 7.385113e-03 7.061706e-03 6.761234e-03 6.481481e-03 6.220502e-03 5.976579e-03 5.748190e-03 5.533986e-03
8.838835e-03 1.767767e-02 2.651650e-02 3.535534e-02 4.419417e-02 5.303301e-02 6.187184e-02 4.000000e-02 5.925926e-02 5.059644e-02 4.385620e-02 3.849002e-02 3.413540e-02 3.054414e-02 2.754121e-02 2.500000e-02 2.282688e-02 2.095131e-02 1.931922e-02 1.788854e-02 1.662612e-02 1.550551e-02 1.450535e-02 1.360828e-02 1.280000e-02 1.206869e-02 1.140445e-02 1.079898e-02 1.024526e-02 9.737290e-03 9.269951e-03 8.838835e-03 8.440129e-03 8.070522e-03 7.727125e-03 7.407407e-03 7.109145e-03 6.830376e-03 6.569360e-03 6.324555e-03
7.407407e-03 1.481481e-02 2.222222e-02 2.962963e-02 3.703704e-02 4.444444e-02 5.185185e-02 5.925926e-02 4.000000e-02 5.692100e-02 4.933822e-02 4.330127e-02 3.840232e-02 3.436216e-02 3.098387e-02 2.812500e-02 2.568024e-02 2.357023e-02 2.173412e-02 2.012461e-02 1.870439e-02 1.744369e-02 1.631852e-02 1.530931e-02 1.440000e-02 1.357727e-02 1.283001e-02 1.214886e-02 1.152592e-02 1.095445e-02 1.042869e-02 9.943689e-03 9.495145e-03 9.079337e-03 8.693015e-03 8.333333e-03 7.997789e-03 7.684173e-03 7.390530e-03 7.115125e-03
6.324555e-03 1.264911e-02 1.897367e-02 2.529822e-02 3.162278e-02 3.794733e-02 4.427189e-02 5.059644e-02 5.692100e-02 4.000000e-02 5.482024e-02 4.811252e-02 4.266925e-02 3.818018e-02 3.442652e-02 3.125000e-02 2.853360e-02 2.618914e-02 2.414902e-02 2.236068e-02 2.078266e-02 1.938188e-02 1.813169e-02 1.701035e-02 1.600000e-02 1.508586e-02 1.425556e-02 1.349873e-02 1.280658e-02 1.217161e-02 1.158744e-02 1.104854e-02 1.055016e-02 1.008815e-02 9.658906e-03 9.259259e-03 8.886432e-03 8.537970e-03 8.211700e-03 7.905694e-03
5.482024e-03 1.096405e-02 1.644607e-02 2.192810e-02 2.741012e-02 3.289215e-02 3.837417e-02 4.385620e-02 4.933822e-02 5.482024e-02 4.000000e-02 5.292377e-02 4.693617e-02 4.199820e-02 3.786917e-02 3.437500e-02 3.138696e-02 2.880805e-02 2.656393e-02 2.459675e-02 2.286092e-02 2.132007e-02 1.994486e-02 1.871138e-02 1.760000e-02 1.659444e-02 1.568112e-02 1.484860e-02 1.408723e-02 1.338877e-02 1.274618e-02 1.215340e-02 1.160518e-02 1.109697e-02 1.062480e-02 1.018519e-02 9.775075e-03 9.391766e-03 9.032870e-03 8.696264e-03
4.811252e-03 9.622504e-03 1.443376e-02 1.924501e-02 2.405626e-02 2.886751e-02 3.367877e-02 3.849002e-02 4.330127e-02 4.811252e-02 5.292377e-02 4.000000e-02 5.120310e-02 4.581621e-02 4.131182e-02 3.750000e-02 3.424032e-02 3.142697e-02 2.897883e-02 2.683282e-02 2.493919e-02 2.325826e-02 2.175803e-02 2.041241e-02 1.920000e-02 1.810303e-02 1.710667e-02 1.619848e-02 1.536789e-02 1.460593e-02 1.390493e-02 1.325825e-02 1.266019e-02 1.210578e-02 1.159069e-02 1.111111e-02 1.066372e-02 1.024556e-02 9.854040e-03 9.486833e-03
4.266925e-03 8.533849e-03 1.280077e-02 1.706770e-02 2.133462e-02 2.560155e-02 2.986847e-02 3.413540e-02 3.840232e-02 4.266925e-02 4.693617e-02 5.120310e-02 4.000000e-02 4.963423e-02 4.475447e-02 4.062500e-02 3.709368e-02 3.404588e-02 3.139373e-02 2.906888e-02 2.701745e-02 2.519645e-02 2.357119e-02 2.211345e-02 2.080000e-02 1.961161e-02 1.853223e-02 1.754835e-02 1.664855e-02 1.582310e-02 1.506367e-02 1.436311e-02 1.371521e-02 1.311460e-02 1.255658e-02 1.203704e-02 1.155236e-02 1.109936e-02 1.067521e-02 1.027740e-02
3.818018e-03 7.636035e-03 1.145405e-02 1.527207e-02 1.909009e-02 2.290811e-02 2.672612e-02 3.054414e-02 3.436216e-02 3.818018e-02 4.199820e-02 4.581621e-02 4.963423e-02 4.000000e-02 4.819713e-02 4.375000e-02 3.994704e-02 3.666480e-02 3.380863e-02 3.130495e-02 2.909572e-02 2.713464e-02 2.538436e-02 2.381448e-02 2.240000e-02 2.112020e-02 1.995779e-02 1.889822e-02 1.792921e-02 1.704026e-02 1.622241e-02 1.546796e-02 1.477023e-02 1.412341e-02 1.352247e-02 1.296296e-02 1.244100e-02 1.195316e-02 1.149638e-02 1.106797e-02
3.442652e-03 6.885304e-03 1.032796e-02 1.377061e-02 1.721326e-02 2.065591e-02 2.409856e-02 2.754121e-02 3.098387e-02 3.442652e-02 3.786917e-02 4.131182e-02 4.475447e-02 4.819713e-02 4.000000e-02 4.687500e-02 4.280040e-02 3.928371e-02 3.622354e-02 3.354102e-02 3.117398e-02 2.907282e-02 2.719753e-02 2.551552e-02 2.400000e-02 2.262878e-02 2.138334e-02 2.024810e-02 1.920986e-02 1.825742e-02 1.738116e-02 1.657282e-02 1.582524e-02 1.513223e-02 1.448836e-02 1.388889e-02 1.332965e-02 1.280695e-02 1.231755e-02 1.185854e-02
3.125000e-03 6.250000e-03 9.375000e-03 1.250000e-02 1.562500e-02 1.875000e-02 2.187500e-02 2.500000e-02 2.812500e-02 3.125000e-02 3.437500e-02 3.750000e-02 4.062500e-02 4.375000e-02 4.687500e-02 4.000000e-02 4.565376e-02 4.190262e-02 3.863844e-02 3.577709e-02 3.325225e-02 3.101101e-02 2.901070e-02 2.721655e-02 2.560000e-02 2.413737e-02 2.280890e-02 2.159797e-02 2.049052e-02 1.947458e-02 1.853990e-02 1.767767e-02 1.688026e-02 1.614104e-02 1.545425e-02 1.481481e-02 1.421829e-02 1.366075e-02 1.313872e-02 1.264911e-02
2.853360e-03 5.706721e-03 8.560081e-03 1.141344e-02 1.426680e-02 1.712016e-02 1.997352e-02 2.282688e-02 2.568024e-02 2.853360e-02 3.138696e-02 3.424032e-02 3.709368e-02 3.994704e-02 4.280040e-02 4.565376e-02 4.000000e-02 4.452154e-02 4.105334e-02 3.801316e-02 3.533052e-02 3.294920e-02 3.082387e-02 2.891759e-02 2.720000e-02 2.564596e-02 2.423446e-02 2.294784e-02 2.177118e-02 2.069174e-02 1.969865e-02 1.878252e-02 1.793527e-02 1.714986e-02 1.642014e-02 1.574074e-02 1.510693e-02 1.451455e-02 1.395989e-02 1.343968e-02
2.618914e-03 5.237828e-03 7.856742e-03 1.047566e-02 1.309457e-02 1.571348e-02 1.833240e-02 2.095131e-02 2.357023e-02 2.618914e-02 2.880805e-02 3.142697e-02 3.404588e-02 3.666480e-02 3.928371e-02 4.190262e-02 4.452154e-02 4.000000e-02 4.346824e-02 4.024922e-02 3.740878e-02 3.488739e-02 3.263704e-02 3.061862e-02 2.880000e-02 2.715454e-02 2.566001e-02 2.429772e-02 2.305184e-02 2.190890e-02 2.085739e-02 1.988738e-02 1.899029e-02 1.815867e-02 1.738603e-02 1.666667e-02 1.599558e-02 1.536835e-02 1.478106e-02 1.423025e-02
2.414902e-03 4.829805e-03 7.244707e-03 9.659610e-03 1.207451e-02 1.448941e-02 1.690432e-02 1.931922e-02 2.173412e-02 2.414902e-02 2.656393e-02 2.897883e-02 3.139373e-02 3.380863e-02 3.622354e-02 3.863844e-02 4.105334e-02 4.346824e-02 4.000000e-02 4.248529e-02 3.948705e-02 3.682558e-02 3.445021e-02 3.231966e-02 3.040000e-02 2.866313e-02 2.708557e-02 2.564759e-02 2.433249e-02 2.312606e-02 2.201613e-02 2.099223e-02 2.004531e-02 1.916749e-02 1.835192e-02 1.759259e-02 1.688422e-02 1.622214e-02 1.560223e-02 1.502082e-02
2.236068e-03 4.472136e-03 6.708204e-03 8.944272e-03 1.118034e-02 1.341641e-02 1.565248e-02 1.788854e-02 2.012461e-02 2.236068e-02 2.459675e-02 2.683282e-02 2.906888e-02 3.130495e-02 3.354102e-02 3.577709e-02 3.801316e-02 4.024922e-02 4.248529e-02 4.000000e-02 4.156531e-02 3.876377e-02 3.626338e-02 3.402069e-02 3.200000e-02 3.017171e-02 2.851112e-02 2.699746e-02 2.561315e-02 2.434322e-02 2.317488e-02 2.209709e-02 2.110032e-02 2.017630e-02 1.931781e-02 1.851852e-02 1.777286e-02 1.707594e-02 1.642340e-02 1.581139e-02
2.078266e-03 4.156531e-03 6.234797e-03 8.313062e-03 1.039133e-02 1.246959e-02 1.454786e-02 1.662612e-02 1.870439e-02 2.078266e-02 2.286092e-02 2.493919e-02 2.701745e-02 2.909572e-02 3.117398e-02 3.325225e-02 3.533052e-02 3.740878e-02 3.948705e-02 4.156531e-02 4.000000e-02 4.070195e-02 3.807655e-02 3.572173e-02 3.360000e-02 3.168030e-02 2.993668e-02 2.834734e-02 2.689381e-02 2.556039e-02 2.433362e-02 2.320194e-02 2.215534e-02 2.118512e-02 2.028370e-02 1.944444e-02 1.866151e-02 1.792974e-02 1.724457e-02 1.660196e-02
1.938188e-03 3.876377e-03 5.814565e-03 7.752753e-03 9.690942e-03 1.162913e-02 1.356732e-02 1.550551e-02 1.744369e-02 1.938188e-02 2.132007e-02 2.325826e-02 2.519645e-02 2.713464e-02 2.907282e-02 3.101101e-02 3.294920e-02 3.488739e-02 3.682558e-02 3.876377e-02 4.070195e-02 4.000000e-02 3.988971e-02 3.742276e-02 3.520000e-02 3.318888e-02 3.136224e-02 2.969721e-02 2.817447e-02 2.677755e-02 2.549237e-02 2.430680e-02 2.321035e-02 2.219393e-02 2.124959e-02 2.037037e-02 1.955015e-02 1.878353e-02 1.806574e-02 1.739253e-02
1.813169e-03 3.626338e-03 5.439506e-03 7.252675e-03 9.065844e-03 1.087901e-02 1.269218e-02 1.450535e-02 1.631852e-02 1.813169e-02 1.994486e-02 2.175803e-02 2.357119e-02 2.538436e-02 2.719753e-02 2.901070e-02 3.082387e-02 3.263704e-02 3.445021e-02 3.626338e-02 3.807655e-02 3.988971e-02 4.000000e-02 3.912379e-02 3.680000e-02 3.469747e-02 3.278779e-02 3.104708e-02 2.945512e-02 2.799471e-02 2.665111e-02 2.541165e-02 2.426537e-02 2.320275e-02 2.221548e-02 2.129630e-02 2.043879e-02 1.963733e-02 1.888691e-02 1.818310e-02
1.701035e-03 3.402069e-03 5.103104e-03 6.804138e-03 8.505173e-03 1.020621e-02 1.190724e-02 1.360828e-02 1.530931e-02 1.701035e-02 1.871138e-02 2.041241e-02 2.211345e-02 2.381448e-02 2.551552e-02 2.721655e-02 2.891759e-02 3.061862e-02 3.231966e-02 3.402069e-02 3.572173e-02 3.742276e-02 3.912379e-02 4.000000e-02 3.840000e-02 3.620606e-02 3.421335e-02 3.239695e-02 3.073578e-02 2.921187e-02 2.780985e-02 2.651650e-02 2.532039e-02 2.421156e-02 2.318137e-02 2.222222e-02 2.132744e-02 2.049113e-02 1.970808e-02 1.897367e-02
1.600000e-03 3.200000e-03 4.800000e-03 6.400000e-03 8.000000e-03 9.600000e-03 1.120000e-02 1.280000e-02 1.440000e-02 1.600000e-02 1.760000e-02 1.920000e-02 2.080000e-02 2.240000e-02 2.400000e-02 2.560000e-02 2.720000e-02 2.880000e-02 3.040000e-02 3.200000e-02 3.360000e-02 3.520000e-02 3.680000e-02 3.840000e-02 4.000000e-02 3.771464e-02 3.563891e-02 3.374683e-02 3.201644e-02 3.042903e-02 2.896860e-02 2.762136e-02 2.637540e-02 2.522038e-02 2.414726e-02 2.314815e-02 2.221608e-02 2.134492e-02 2.052925e-02 1.976424e-02
1.508586e-03 3.017171e-03 4.525757e-03 6.034343e-03 7.542928e-03 9.051514e-03 1.056010e-02 1.206869e-02 1.357727e-02 1.508586e-02 1.659444e-02 1.810303e-02 1.961161e-02 2.112020e-02 2.262878e-02 2.413737e-02 2.564596e-02 2.715454e-02 2.866313e-02 3.017171e-02 3.168030e-02 3.318888e-02 3.469747e-02 3.620606e-02 3.771464e-02 4.000000e-02 3.706446e-02 3.509670e-02 3.329710e-02 3.164619e-02 3.012734e-02 2.872621e-02 2.743042e-02 2.622920e-02 2.511315e-02 2.407407e-02 2.310472e-02 2.219872e-02 2.135042e-02 2.055480e-02
1.425556e-03 2.851112e-03 4.276669e-03 5.702225e-03 7.127781e-03 8.553337e-03 9.978894e-03 1.140445e-02 1.283001e-02 1.425556e-02 1.568112e-02 1.710667e-02 1.853223e-02 1.995779e-02 2.138334e-02 2.280890e-02 2.423446e-02 2.566001e-02 2.708557e-02 2.851112e-02 2.993668e-02 3.136224e-02 3.278779e-02 3.421335e-02 3.563891e-02 3.706446e-02 4.000000e-02 3.644657e-02 3.457775e-02 3.286335e-02 3.128608e-02 2.983107e-02 2.848543e-02 2.723801e-02 2.607905e-02 2.500000e-02 2.399337e-02 2.305252e-02 2.217159e-02 2.134537e-02
1.349873e-03 2.699746e-03 4.049619e-03 5.399492e-03 6.749366e-03 8.099239e-03 9.449112e-03 1.079898e-02 1.214886e-02 1.349873e-02 1.484860e-02 1.619848e-02 1.754835e-02 1.889822e-02 2.024810e-02 2.159797e-02 2.294784e-02 2.429772e-02 2.564759e-02 2.699746e-02 2.834734e-02 2.969721e-02 3.104708e-02 3.239695e-02 3.374683e-02 3.509670e-02 3.644657e-02 4.000000e-02 3.585841e-02 3.408051e-02 3.244483e-02 3.093592e-02 2.954045e-02 2.824683e-02 2.704494e-02 2.592593e-02 2.488201e-02 2.390631e-02 2.299276e-02 2.213594e-02
1.280658e-03 2.561315e-03 3.841973e-03 5.122630e-03 6.403288e-03 7.683945e-03 8.964603e-03 1.024526e-02 1.152592e-02 1.280658e-02 1.408723e-02 1.536789e-02 1.664855e-02 1.792921e-02 1.920986e-02 2.049052e-02 2.177118e-02 2.305184e-02 2.433249e-02 2.561315e-02 2.689381e-02 2.817447e-02 2.945512e-02 3.073578e-02 3.201644e-02 3.329710e-02 3.457775e-02 3.585841e-02 4.000000e-02 3.529768e-02 3.360357e-02 3.204078e-02 3.059547e-02 2.925564e-02 2.801083e-02 2.685185e-02 2.577065e-02 2.476011e-02 2.381393e-02 2.292651e-02
1.217161e-03 2.434322e-03 3.651484e-03 4.868645e-03 6.085806e-03 7.302967e-03 8.520129e-03 9.737290e-03 1.095445e-02 1.217161e-02 1.338877e-02 1.460593e-02 1.582310e-02 1.704026e-02 1.825742e-02 1.947458e-02 2.069174e-02 2.190890e-02 2.312606e-02 2.434322e-02 2.556039e-02 2.677755e-02 2.799471e-02 2.921187e-02 3.042903e-02 3.164619e-02 3.286335e-02 3.408051e-02 3.529768e-02 4.000000e-02 3.476232e-02 3.314563e-02 3.165048e-02 3.026446e-02 2.897672e-02 2.777778e-02 2.665930e-02 2.561391e-02 2.463510e-02 2.371708e-02
1.158744e-03 2.317488e-03 3.476232e-03 4.634976e-03 5.793719e-03 6.952463e-03 8.111207e-03 9.269951e-03 1.042869e-02 1.158744e-02 1.274618e-02 1.390493e-02 1.506367e-02 1.622241e-02 1.738116e-02 1.853990e-02 1.969865e-02 2.085739e-02 2.201613e-02 2.317488e-02 2.433362e-02 2.549237e-02 2.665111e-02 2.780985e-02 2.896860e-02 3.012734e-02 3.128608e-02 3.244483e-02 3.360357e-02 3.476232e-02 4.000000e-02 3.425048e-02 3.270550e-02 3.127327e-02 2.994261e-02 2.870370e-02 2.754794e-02 2.646771e-02 2.545627e-02 2.450765e-02
1.104854e-03 2.209709e-03 3.314563e-03 4.419417e-03 5.524272e-03 6.629126e-03 7.733980e-03 8.838835e-03 9.943689e-03 1.104854e-02 1.215340e-02 1.325825e-02 1.436311e-02 1.546796e-02 1.657282e-02 1.767767e-02 1.878252e-02 1.988738e-02 2.099223e-02 2.209709e-02 2.320194e-02 2.430680e-02 2.541165e-02 2.651650e-02 2.762136e-02 2.872621e-02 2.983107e-02 3.093592e-02 3.204078e-02 3.314563e-02 3.425048e-02 4.000000e-02 3.376052e-02 3.228209e-02 3.090850e-02 2.962963e-02 2.843658e-02 2.732150e-02 2.627744e-02 2.529822e-02
1.055016e-03 2.110032e-03 3.165048e-03 4.220064e-03 5.275080e-03 6.330097e-03 7.385113e-03 8.440129e-03 9.495145e-03 1.055016e-02 1.160518e-02 1.266019e-02 1.371521e-02 1.477023e-02 1.582524e-02 1.688026e-02 1.793527e-02 1.899029e-02 2.004531e-02 2.110032e-02 2.215534e-02 2.321035e-02 2.426537e-02 2.532039e-02 2.637540e-02 2.743042e-02 2.848543e-02 2.954045e-02 3.059547e-02 3.165048e-02 3.270550e-02 3.376052e-02 4.000000e-02 3.329090e-02 3.187439e-02 3.055556e-02 2.932522e-02 2.817530e-02 2.709861e-02 2.608879e-02
1.008815e-03 2.017630e-03 3.026446e-03 4.035261e-03 5.044076e-03 6.052891e-03 7.061706e-03 8.070522e-03 9.079337e-03 1.008815e-02 1.109697e-02 1.210578e-02 1.311460e-02 1.412341e-02 1.513223e-02 1.614104e-02 1.714986e-02 1.815867e-02 1.916749e-02 2.017630e-02 2.118512e-02 2.219393e-02 2.320275e-02 2.421156e-02 2.522038e-02 2.622920e-02 2.723801e-02 2.824683e-02 2.925564e-02 3.026446e-02 3.127327e-02 3.228209e-02 3.329090e-02 4.000000e-02 3.284028e-02 3.148148e-02 3.021387e-02 2.902910e-02 2.791978e-02 2.687936e-02
9.658906e-04 1.931781e-03 2.897672e-03 3.863562e-03 4.829453e-03 5.795343e-03 6.761234e-03 7.727125e-03 8.693015e-03 9.658906e-03 1.062480e-02 1.159069e-02 1.255658e-02 1.352247e-02 1.448836e-02 1.545425e-02 1.642014e-02 1.738603e-02 1.835192e-02 1.931781e-02 2.028370e-02 2.124959e-02 2.221548e-02 2.318137e-02 2.414726e-02 2.511315e-02 2.607905e-02 2.704494e-02 2.801083e-02 2.897672e-02 2.994261e-02 3.090850e-02 3.187439e-02 3.284028e-02 4.000000e-02 3.240741e-02 3.110251e-02 2.988289e-02 2.874095e-02 2.766993e-02
9.259259e-04 1.851852e-03 2.777778e-03 3.703704e-03 4.629630e-03 5.555556e-03 6.481481e-03 7.407407e-03 8.333333e-03 9.259259e-03 1.018519e-02 1.111111e-02 1.203704e-02 1.296296e-02 1.388889e-02 1.481481e-02 1.574074e-02 1.666667e-02 1.759259e-02 1.851852e-02 1.944444e-02 2.037037e-02 2.129630e-02 2.222222e-02 2.314815e-02 2.407407e-02 2.500000e-02 2.592593e-02 2.685185e-02 2.777778e-02 2.870370e-02 2.962963e-02 3.055556e-02 3.148148e-02 3.240741e-02 4.000000e-02 3.199115e-02 3.073669e-02 2.956212e-02 2.846050e-02
8.886432e-04 1.777286e-03 2.665930e-03 3.554573e-03 4.443216e-03 5.331859e-03 6.220502e-03 7.109145e-03 7.997789e-03 8.886432e-03 9.775075e-03 1.066372e-02 1.155236e-02 1.244100e-02 1.332965e-02 1.421829e-02 1.510693e-02 1.599558e-02 1.688422e-02 1.777286e-02 1.866151e-02 1.955015e-02 2.043879e-02 2.132744e-02 2.221608e-02 2.310472e-02 2.399337e-02 2.488201e-02 2.577065e-02 2.665930e-02 2.754794e-02 2.843658e-02 2.932522e-02 3.021387e-02 3.110251e-02 3.199115e-02 4.000000e-02 3.159049e-02 3.038329e-02 2.925107e-02
8.537970e-04 1.707594e-03 2.561391e-03 3.415188e-03 4.268985e-03 5.122782e-03 5.976579e-03 6.830376e-03 7.684173e-03 8.537970e-03 9.391766e-03 1.024556e-02 1.109936e-02 1.195316e-02 1.280695e-02 1.366075e-02 1.451455e-02 1.536835e-02 1.622214e-02 1.707594e-02 1.792974e-02 1.878353e-02 1.963733e-02 2.049113e-02 2.134492e-02 2.219872e-02 2.305252e-02 2.390631e-02 2.476011e-02 2.561391e-02 2.646771e-02 2.732150e-02 2.817530e-02 2.902910e-02 2.988289e-02 3.073669e-02 3.159049e-02 4.000000e-02 3.120446e-02 3.004164e-02
8.211700e-04 1.642340e-03 2.463510e-03 3.284680e-03 4.105850e-03 4.927020e-03 5.748190e-03 6.569360e-03 7.390530e-03 8.211700e-03 9.032870e-03 9.854040e-03 1.067521e-02 1.149638e-02 1.231755e-02 1.313872e-02 1.395989e-02 1.478106e-02 1.560223e-02 1.642340e-02 1.724457e-02 1.806574e-02 1.888691e-02 1.970808e-02 2.052925e-02 2.135042e-02 2.217159e-02 2.299276e-02 2.381393e-02 2.463510e-02 2.545627e-02 2.627744e-02 2.709861e-02 2.791978e-02 2.874095e-02 2.956212e-02 3.038329e-02 3.120446e-02 4.000000e-02 3.083221e-02
7.905694e-04 1.581139e-03 2.371708e-03 3.162278e-03 3.952847e-03 4.743416e-03 5.533986e-03 6.324555e-03 7.115125e-03 7.905694e-03 8.696264e-03 9.486833e-03 1.027740e-02 1.106797e-02 1.185854e-02 1.264911e-02 1.343968e-02 1.423025e-02 1.502082e-02 1.581139e-02 1.660196e-02 1.739253e-02 1.818310e-02 1.897367e-02 1.976424e-02 2.055480e-02 2.134537e-02 2.213594e-02 2.292651e-02 2.371708e-02 2.450765e-02 2.529822e-02 2.608879e-02 2.687936e-02 2.766993e-02 2.846050e-02 2.925107e-02 3.004164e-02 3.083221e-02 4.000000e-02
